# 4 3.000000
0.640000 -5.473870e-01 1.825428e-01 7.580870e-01 -3.038910e-01 6.762008e-01 2.174499e-02 7.363608e-01 -7.238029e-03 -7.543289e-01 5.643417e-02 6.179701e-01 -2.142803e-01 1.007155e-01 3.561715e-01 9.220482e-01 1.132495e-01
2.120000 -6.365647e-01 5.424423e-02 7.271205e-01 2.512741e-01 6.581947e-01 2.063589e-01 7.225298e-01 -4.632937e-02 -6.851493e-01 -1.838807e-01 7.004786e-01 -7.802558e-02 4.850266e-01 4.236688e-02 8.633527e-01 -1.325761e-01
3.640000 -5.191236e-01 -1.493846e-01 8.248856e-01 1.666095e-01 5.736358e-01 1.339143e-01 7.645664e-01 -2.616240e-01 -7.142645e-01 2.254226e-01 6.480562e-01 1.379639e-01 4.175277e-01 -1.604122e-02 8.850384e-01 -2.052325e-01
4.520000 -5.456916e-01 9.540958e-03 8.374283e-01 -2.904269e-02 5.660147e-01 -1.451351e-02 8.004669e-01 -1.966454e-01 -7.672523e-01 1.174352e-01 5.853247e-01 -2.343669e-01 3.295334e-01 2.059500e-01 8.568181e-01 3.389028e-01
4.800000 -5.312171e-01 1.050387e-01 8.261834e-01 -1.555515e-01 5.181514e-01 -2.864493e-02 8.376856e-01 -1.702394e-01 -7.539296e-01 -1.596014e-01 5.917225e-01 -2.366051e-01 4.372007e-01 -1.936694e-01 8.410863e-01 2.528271e-01
6.000000 -5.332339e-01 5.265565e-05 7.184552e-01 -4.466360e-01 4.386346e-01 -1.463725e-01 8.849876e-01 5.451358e-02 -7.051767e-01 1.441552e-01 6.082569e-01 3.346171e-01 4.131127e-01 -2.308464e-01 8.736061e-01 1.134028e-01
6.680000 -5.006141e-01 9.089825e-02 8.424666e-01 -1.771248e-01 3.634496e-01 -2.482194e-02 9.215905e-01 1.340120e-01 -7.497966e-01 2.323735e-01 5.827126e-01 -2.103655e-01 3.992388e-01 -1.243866e-01 8.651786e-01 -2.767714e-01
8.280000 -5.264469e-01 -1.431724e-01 7.945792e-01 2.664566e-01 4.659320e-01 1.577066e-01 8.667431e-01 -8.241570e-02 -8.315235e-01 3.914233e-01 3.043728e-01 2.504270e-01 2.645173e-01 3.173653e-01 8.654628e-01 2.833444e-01
9.840000 -6.153714e-01 -4.627813e-02 7.859879e-01 3.740974e-02 4.672550e-01 4.529325e-04 8.638242e-01 -1.883623e-01 -9.131845e-01 -3.640276e-01 1.820863e-01 2.055433e-02 -4.330649e-02 -3.541197e-01 8.007766e-01 4.811244e-01
10.240000 -6.224818e-01 3.557805e-03 7.730292e-01 1.221864e-01 4.468035e-01 2.228731e-02 8.723884e-01 1.969984e-01 -9.396650e-01 -1.249560e-01 3.184563e-01 -1.137598e-03 -2.833123e-01 3.165393e-01 7.439066e-01 5.158875e-01
10.800000 -6.260016e-01 -1.385834e-01 7.649710e-01 -6.112256e-02 4.010901e-01 -3.475209e-01 8.441212e-01 -7.625803e-02 -9.393052e-01 5.926054e-02 3.279638e-01 -8.144750e-02 -4.135759e-01 -4.854293e-01 5.583339e-01 -5.306379e-01
11.360000 -5.925980e-01 2.618929e-01 7.503535e-01 -1.311843e-01 4.097953e-01 2.194769e-01 8.628871e-01 1.983019e-01 -9.006049e-01 3.844358e-01 1.923735e-01 6.412721e-02 -1.770014e-01 -3.334229e-01 8.363577e-01 -3.974991e-01
11.960000 -6.437961e-01 1.753396e-01 6.777369e-01 -3.089585e-01 4.722708e-01 -2.229668e-01 8.508569e-01 5.734603e-02 -9.096398e-01 -4.155391e-02 1.909590e-01 -3.665561e-01 1.893690e-02 2.822802e-01 9.475804e-01 -1.484946e-01
13.280000 -7.439508e-01 2.493455e-02 6.621860e-01 8.616940e-02 4.711254e-01 -5.867587e-02 8.683783e-01 1.432382e-01 -9.028303e-01 1.314858e-01 3.923834e-01 -1.168081e-01 -8.019540e-02 3.062777e-01 9.444098e-01 8.861600e-02
13.600000 -7.346346e-01 1.418475e-02 6.624112e-01 1.460213e-01 4.308327e-01 6.893587e-02 8.997099e-01 1.237555e-02 -9.040664e-01 5.138287e-02 4.200284e-01 -5.999851e-02 -1.028433e-01 -4.708155e-01 8.615547e-01 -1.596232e-01
14.240000 -7.150850e-01 -9.759717e-02 6.635560e-01 1.970320e-01 4.674278e-01 1.922374e-01 8.555831e-01 -1.119533e-01 -9.463548e-01 -4.707195e-02 3.165968e-01 4.430979e-02 -3.453091e-01 -1.230824e-02 9.282387e-01 1.377791e-01
15.120000 -5.848455e-01 -3.062846e-01 6.973339e-01 2.790535e-01 4.579819e-01 -5.597045e-02 8.626599e-01 -2.072145e-01 -9.632529e-01 3.107884e-02 2.661783e-01 1.808513e-02 -4.020298e-01 7.748853e-01 2.743187e-01 4.033287e-01
16.800000 -6.581620e-01 1.410833e-01 7.292748e-01 -1.227868e-01 6.147379e-01 1.607751e-02 7.818052e-01 -1.030514e-01 -8.790013e-01 3.073103e-01 4.052520e-02 -3.623186e-01 -6.395368e-01 1.561472e-01 7.518670e-01 -3.614809e-02
17.640000 -6.024193e-01 1.573191e-02 5.339419e-01 -5.930848e-01 6.658695e-01 -2.773572e-01 5.845609e-01 -3.714557e-01 -9.804196e-01 1.840883e-01 -6.266644e-02 3.101174e-02 -5.070754e-01 -2.464108e-01 7.844030e-01 2.585888e-01
17.760000 -5.859793e-01 3.457921e-02 5.378805e-01 -6.050760e-01 6.795682e-01 -2.075802e-01 5.777461e-01 -4.016304e-01 -9.479754e-01 2.832155e-01 -4.454899e-02 1.383725e-01 -4.534235e-01 -4.548765e-01 7.371151e-01 2.101330e-01
18.400000 -6.678030e-01 7.800645e-02 7.225911e-01 -1.606742e-01 7.487237e-01 1.090578e-02 5.886701e-01 3.045675e-01 -8.883414e-01 7.535969e-02 -3.303207e-03 4.529454e-01 -2.473349e-01 -7.732318e-01 5.546063e-01 -1.826197e-01
19.240000 -6.389998e-01 1.623913e-01 7.504091e-01 4.684601e-02 7.785033e-01 3.996127e-01 4.826481e-01 -3.596026e-02 -9.665071e-01 1.280380e-01 -1.837072e-01 1.253868e-01 -1.007301e-01 3.486474e-01 9.318057e-01 6.044305e-03
19.800000 -6.307525e-01 -1.247308e-01 7.622607e-01 7.451318e-02 8.586399e-01 -5.484122e-02 3.105319e-01 -4.041037e-01 -8.249879e-01 5.281016e-01 -1.733107e-01 -1.023088e-01 5.822293e-02 -4.455937e-01 7.189621e-01 5.302356e-01
